{
 "cells": [
  {
   "cell_type": "markdown",
   "metadata": {},
   "source": [
    "## 课后习题·操作题\n",
    "\n",
    "&emsp;&emsp;根据表数据，计算特征间的`Pearson`相似系数。"
   ]
  },
  {
   "cell_type": "code",
   "execution_count": 1,
   "metadata": {},
   "outputs": [
    {
     "name": "stdout",
     "output_type": "stream",
     "text": [
      "相关系数矩阵为：\n",
      "       x1    x2    x3    x4    x5    x6    x7    x8    x9   x10   x11   x12   x13     y\n",
      "x1   1.00  0.95  0.95  0.97  0.97  0.99  0.95  0.97  0.98  0.98 -0.29  0.94  0.96  0.94\n",
      "x2   0.95  1.00  1.00  0.99  0.99  0.92  0.99  0.99  0.98  0.98 -0.13  0.89  1.00  0.98\n",
      "x3   0.95  1.00  1.00  0.99  0.99  0.92  1.00  0.99  0.98  0.99 -0.15  0.89  1.00  0.99\n",
      "x4   0.97  0.99  0.99  1.00  1.00  0.95  0.99  1.00  0.99  1.00 -0.19  0.91  1.00  0.99\n",
      "x5   0.97  0.99  0.99  1.00  1.00  0.95  0.99  1.00  0.99  1.00 -0.18  0.90  0.99  0.99\n",
      "x6   0.99  0.92  0.92  0.95  0.95  1.00  0.93  0.95  0.97  0.96 -0.34  0.95  0.94  0.91\n",
      "x7   0.95  0.99  1.00  0.99  0.99  0.93  1.00  0.99  0.98  0.99 -0.15  0.89  1.00  0.99\n",
      "x8   0.97  0.99  0.99  1.00  1.00  0.95  0.99  1.00  0.99  1.00 -0.15  0.90  1.00  0.99\n",
      "x9   0.98  0.98  0.98  0.99  0.99  0.97  0.98  0.99  1.00  0.99 -0.23  0.91  0.99  0.98\n",
      "x10  0.98  0.98  0.99  1.00  1.00  0.96  0.99  1.00  0.99  1.00 -0.17  0.90  0.99  0.99\n",
      "x11 -0.29 -0.13 -0.15 -0.19 -0.18 -0.34 -0.15 -0.15 -0.23 -0.17  1.00 -0.43 -0.16 -0.12\n",
      "x12  0.94  0.89  0.89  0.91  0.90  0.95  0.89  0.90  0.91  0.90 -0.43  1.00  0.90  0.87\n",
      "x13  0.96  1.00  1.00  1.00  0.99  0.94  1.00  1.00  0.99  0.99 -0.16  0.90  1.00  0.99\n",
      "y    0.94  0.98  0.99  0.99  0.99  0.91  0.99  0.99  0.98  0.99 -0.12  0.87  0.99  1.00\n"
     ]
    }
   ],
   "source": [
    "import numpy\n",
    "import pandas\n",
    "data = pandas.read_csv('data/data_task.csv')\n",
    "print('相关系数矩阵为：', numpy.round(data.corr(method='pearson'), 2), sep='\\n')"
   ]
  }
 ],
 "metadata": {
  "kernelspec": {
   "display_name": "Python 3",
   "language": "python",
   "name": "python3"
  },
  "language_info": {
   "codemirror_mode": {
    "name": "ipython",
    "version": 3
   },
   "file_extension": ".py",
   "mimetype": "text/x-python",
   "name": "python",
   "nbconvert_exporter": "python",
   "pygments_lexer": "ipython3",
   "version": "3.7.4"
  }
 },
 "nbformat": 4,
 "nbformat_minor": 4
}
